11-apr-09	7.2684	0.0000	0.0000	0.0000	0.0000	0.0000	0.0000	0.0000	0.0000	0.0000	Spring competition day 1
18-apr-09	7.3518	7.3518	0.0000	0.0000	0.0000	0.0000	0.0000	0.0000	0.0000	0.0000	Spring competition day 2
25-apr-09	6.5462	0.0000	0.0000	0.0000	0.0000	0.0000	0.0000	0.0000	0.0000	0.0000	Spring competition day 3
09-may-09	6.5092	0.0000	0.0000	0.0000	0.0000	0.0000	0.0000	0.0000	0.0000	0.0000	Spring competition day 4
23-may-09	6.4660	0.0000	0.0000	0.0000	0.0000	0.0000	0.0000	0.0000	0.0000	0.0000	Spring competition day 5
28-jun-09	6.4155	0.0000	0.0000	0.0000	0.0000	0.0000	0.0000	0.0000	0.0000	0.0000	Merenwijk
12-jul-09	5.7590	7.7347	0.0000	0.0000	0.0000	0.0000	0.0000	0.0000	0.0000	0.0000	Forescate
19-jul-09	5.5876	5.9397	6.1759	6.3225	8.9931	0.0000	0.0000	0.0000	0.0000	0.0000	Roomburg
30-aug-09	6.0017	7.2444	7.7444	0.0000	0.0000	0.0000	0.0000	0.0000	0.0000	0.0000	Veracket
19-sep-09	6.2889	7.2889	0.0000	0.0000	0.0000	0.0000	0.0000	0.0000	0.0000	0.0000	Fall competition day 2
10-oct-09	6.2889	6.2889	0.0000	0.0000	0.0000	0.0000	0.0000	0.0000	0.0000	0.0000	Fall competition day 3
31-dec-09	0.0000	0.0000	0.0000	0.0000	0.0000	0.0000	0.0000	0.0000	0.0000	0.0000	End of Season
11-apr-10	5.9413	0.0000	0.0000	0.0000	0.0000	0.0000	0.0000	0.0000	0.0000	0.0000	Spring competition day 1
18-apr-10	4.7388	0.0000	0.0000	0.0000	0.0000	0.0000	0.0000	0.0000	0.0000	0.0000	Spring competition day 2
25-apr-10	0.0000	0.0000	0.0000	0.0000	0.0000	0.0000	0.0000	0.0000	0.0000	0.0000	Spring competition day 3
02-may-10	5.5742	0.0000	0.0000	0.0000	0.0000	0.0000	0.0000	0.0000	0.0000	0.0000	Spring competition day 4
09-may-10	5.4297	0.0000	0.0000	0.0000	0.0000	0.0000	0.0000	0.0000	0.0000	0.0000	Spring competition day 5
16-may-10	5.2611	0.0000	0.0000	0.0000	0.0000	0.0000	0.0000	0.0000	0.0000	0.0000	Spring competition day 6
30-may-10	5.0644	0.0000	0.0000	0.0000	0.0000	0.0000	0.0000	0.0000	0.0000	0.0000	Spring competition day 7
20-jun-10	0.0000	4.8349	0.0000	0.0000	0.0000	0.0000	0.0000	0.0000	0.0000	0.0000	Munnik
27-jun-10	0.0000	0.0000	0.0000	0.0000	0.0000	0.0000	5.7635	0.0000	0.0000	0.0000	Unicum
04-jul-10	5.8260	0.0000	0.0000	0.0000	0.0000	0.0000	0.0000	0.0000	0.0000	0.0000	Merenwijk
11-jul-10	0.0000	4.8816	0.0000	0.0000	0.0000	0.0000	0.0000	0.0000	0.0000	0.0000	Dekker
25-jul-10	0.0000	7.8945	0.0000	0.0000	0.0000	0.0000	0.0000	0.0000	0.0000	0.0000	Roomburg
12-sep-10	0.0000	0.0000	6.0646	0.0000	0.0000	0.0000	0.0000	0.0000	0.0000	0.0000	OLTC
09-oct-10	6.9748	6.1062	0.0000	0.0000	0.0000	0.0000	0.0000	0.0000	0.0000	0.0000	Fall competition day 4
16-oct-10	6.6263	6.4955	0.0000	0.0000	0.0000	0.0000	0.0000	0.0000	0.0000	0.0000	Fall competition day 5
31-dec-10	0.0000	0.0000	0.0000	0.0000	0.0000	0.0000	0.0000	0.0000	0.0000	0.0000	End of Season
10-apr-11	0.0000	5.7334	0.0000	0.0000	0.0000	0.0000	0.0000	0.0000	0.0000	0.0000	Spring competition day 1
17-apr-11	5.3052	0.0000	0.0000	0.0000	0.0000	0.0000	0.0000	0.0000	0.0000	0.0000	Spring competition day 2
25-apr-11	6.6892	0.0000	0.0000	0.0000	0.0000	0.0000	0.0000	0.0000	0.0000	0.0000	Spring competition day 3
08-may-11	5.3077	4.8260	0.0000	0.0000	0.0000	0.0000	0.0000	0.0000	0.0000	0.0000	Spring competition day 4
15-may-11	0.0000	0.0000	0.0000	0.0000	0.0000	0.0000	0.0000	0.0000	0.0000	0.0000	Spring competition day 5
22-may-11	0.0000	0.0000	0.0000	0.0000	0.0000	0.0000	0.0000	0.0000	0.0000	0.0000	Spring competition day 6
29-may-11	5.2588	5.0839	0.0000	0.0000	0.0000	0.0000	0.0000	0.0000	0.0000	0.0000	Spring competition day 7
26-jun-11	0.0000	7.4251	6.8156	0.0000	0.0000	0.0000	0.0000	0.0000	0.0000	0.0000	Unicum
10-jul-11	0.0000	7.1329	5.3272	4.7998	0.0000	0.0000	0.0000	0.0000	0.0000	0.0000	Dekker
17-jul-11	6.6779	6.3087	5.0295	4.6990	0.0000	0.0000	0.0000	0.0000	0.0000	0.0000	Forescate
24-jul-11	6.5286	0.0000	0.0000	0.0000	0.0000	0.0000	0.0000	0.0000	0.0000	0.0000	Roomburg
21-aug-11	0.0000	5.3847	0.0000	0.0000	0.0000	0.0000	0.0000	0.0000	0.0000	0.0000	Leidse Hout
17-sep-11	4.3673	4.4562	0.0000	0.0000	0.0000	0.0000	0.0000	0.0000	0.0000	0.0000	Fall competition day 1
24-sep-11	4.8367	6.5105	0.0000	0.0000	0.0000	0.0000	0.0000	0.0000	0.0000	0.0000	Fall competition day 2
01-oct-11	0.0000	0.0000	0.0000	0.0000	0.0000	0.0000	0.0000	0.0000	0.0000	0.0000	Fall competition day 3
08-oct-11	4.4777	4.9318	0.0000	0.0000	0.0000	0.0000	0.0000	0.0000	0.0000	0.0000	Fall competition day 4
15-oct-11	0.0000	0.0000	0.0000	0.0000	0.0000	0.0000	0.0000	0.0000	0.0000	0.0000	Fall competition day 5
31-dec-11	0.0000	0.0000	0.0000	0.0000	0.0000	0.0000	0.0000	0.0000	0.0000	0.0000	End of Season
09-apr-12	0.0000	0.0000	0.0000	0.0000	0.0000	0.0000	0.0000	0.0000	0.0000	0.0000	Spring competition day 1
15-apr-12	5.0797	5.0797	0.0000	0.0000	0.0000	0.0000	0.0000	0.0000	0.0000	0.0000	Spring competition day 2
22-apr-12	0.0000	0.0000	0.0000	0.0000	0.0000	0.0000	0.0000	0.0000	0.0000	0.0000	Spring competition day 3
06-may-12	6.9727	4.8411	0.0000	0.0000	0.0000	0.0000	0.0000	0.0000	0.0000	0.0000	Spring competition day 4
13-may-12	5.3387	0.0000	0.0000	0.0000	0.0000	0.0000	0.0000	0.0000	0.0000	0.0000	Spring competition day 5
03-jun-12	5.2475	0.0000	0.0000	0.0000	0.0000	0.0000	0.0000	0.0000	0.0000	0.0000	Spring competition day 6
08-jul-12	4.7440	6.3085	0.0000	0.0000	0.0000	0.0000	0.0000	0.0000	0.0000	0.0000	Dekker
15-jul-12	6.5337	4.1340	4.4240	6.0404	0.0000	0.0000	0.0000	0.0000	0.0000	0.0000	Fellenoord
22-jul-12	4.8237	5.8954	0.0000	0.0000	0.0000	0.0000	0.0000	0.0000	0.0000	0.0000	Roomburg
26-aug-12	4.8897	4.8902	5.8902	0.0000	0.0000	0.0000	0.0000	0.0000	0.0000	0.0000	TeHaDo
17-sep-12	4.5261	4.4234	0.0000	0.0000	0.0000	0.0000	0.0000	0.0000	0.0000	0.0000	Fall competition day 1
01-oct-12	6.1171	5.6731	0.0000	0.0000	0.0000	0.0000	0.0000	0.0000	0.0000	0.0000	Fall competition day 3
07-oct-12	4.4958	3.9061	0.0000	0.0000	0.0000	0.0000	0.0000	0.0000	0.0000	0.0000	Fall competition day 4
15-oct-12	0.0000	4.7842	0.0000	0.0000	0.0000	0.0000	0.0000	0.0000	0.0000	0.0000	Fall competition day 5
31-dec-12	0.0000	0.0000	0.0000	0.0000	0.0000	0.0000	0.0000	0.0000	0.0000	0.0000	End of Season
06-apr-13	0.0000	0.0000	0.0000	0.0000	0.0000	0.0000	0.0000	0.0000	0.0000	0.0000	Spring competition day 1 sat
13-apr-13	6.4302	0.0000	0.0000	0.0000	0.0000	0.0000	0.0000	0.0000	0.0000	0.0000	Spring competition day 2 sat
14-apr-13	0.0000	0.0000	0.0000	0.0000	0.0000	0.0000	0.0000	0.0000	0.0000	0.0000	Spring competition day 2 sun
21-apr-13	7.5542	0.0000	0.0000	0.0000	0.0000	0.0000	0.0000	0.0000	0.0000	0.0000	Spring competition day 3 sun
27-apr-13	0.0000	0.0000	0.0000	0.0000	0.0000	0.0000	0.0000	0.0000	0.0000	0.0000	Spring competition day 4 sat
05-may-13	0.0000	4.8428	0.0000	0.0000	0.0000	0.0000	0.0000	0.0000	0.0000	0.0000	Spring competition day 4 sun
11-may-13	5.1740	0.0000	0.0000	0.0000	0.0000	0.0000	0.0000	0.0000	0.0000	0.0000	Spring competition day 5 sat
12-may-13	0.0000	0.0000	0.0000	0.0000	0.0000	0.0000	0.0000	0.0000	0.0000	0.0000	Spring competition day 5 sun
25-may-13	0.0000	0.0000	0.0000	0.0000	0.0000	0.0000	0.0000	0.0000	0.0000	0.0000	Spring competition day 6 sat
26-may-13	6.1549	0.0000	0.0000	0.0000	0.0000	0.0000	0.0000	0.0000	0.0000	0.0000	Spring competition day 6 sun
02-jun-13	0.0000	0.0000	0.0000	0.0000	0.0000	0.0000	0.0000	0.0000	0.0000	0.0000	Spring competition day 7 sun
11-aug-13	4.6523	4.1309	0.0000	0.0000	0.0000	0.0000	0.0000	0.0000	0.0000	0.0000	Qravel
18-aug-13	6.5215	0.0000	0.0000	0.0000	0.0000	0.0000	0.0000	0.0000	0.0000	0.0000	Leidse Hout
25-aug-13	6.1826	0.0000	0.0000	0.0000	0.0000	0.0000	0.0000	0.0000	0.0000	0.0000	Tehado
14-sep-13	0.0000	0.0000	0.0000	0.0000	0.0000	0.0000	0.0000	0.0000	0.0000	0.0000	Fall competitieon day 1
15-sep-13	6.4807	0.0000	0.0000	0.0000	0.0000	0.0000	0.0000	0.0000	0.0000	0.0000	OLTC
21-sep-13	6.3124	0.0000	0.0000	0.0000	0.0000	0.0000	0.0000	0.0000	0.0000	0.0000	Fall competitieon day 2
28-sep-13	0.0000	0.0000	0.0000	0.0000	0.0000	0.0000	0.0000	0.0000	0.0000	0.0000	Fall competitieon day 3
12-oct-13	6.3579	5.3579	0.0000	0.0000	0.0000	0.0000	0.0000	0.0000	0.0000	0.0000	Fall competitieon day 5
31-dec-13	0.0000	0.0000	0.0000	0.0000	0.0000	0.0000	0.0000	0.0000	0.0000	0.0000	End of season
05-apr-14	4.9354	0.0000	0.0000	0.0000	0.0000	0.0000	0.0000	0.0000	0.0000	0.0000	Spring competition day 1
12-apr-14	0.0000	0.0000	0.0000	0.0000	0.0000	0.0000	0.0000	0.0000	0.0000	0.0000	Spring competition day 2
10-may-14	0.0000	0.0000	0.0000	0.0000	0.0000	0.0000	0.0000	0.0000	0.0000	0.0000	Spring competition day 4
24-may-14	4.8358	0.0000	0.0000	0.0000	0.0000	0.0000	0.0000	0.0000	0.0000	0.0000	Spring competition day 6
31-may-14	0.0000	0.0000	0.0000	0.0000	0.0000	0.0000	0.0000	0.0000	0.0000	0.0000	Spring competition day 7
10-aug-14	0.0000 	5.0338	0.0000	0.0000	0.0000	0.0000	0.0000	0.0000	0.0000	0.0000	Qravel
17-aug-14	6.8036 	0.0000	0.0000	0.0000	0.0000	0.0000	0.0000	0.0000	0.0000	0.0000	Leidse Hout
13-sep-14	0.0000 	4.2517	0.0000	0.0000	0.0000	0.0000	0.0000	0.0000	0.0000	0.0000	Fall competitieon day 1
14-sep-14	6.4824	0.0000	0.0000	0.0000	0.0000	0.0000	5.5984	0.0000	0.0000	0.0000	OLTC
27-sep-14	5.2065 	0.0000	0.0000	0.0000	0.0000	0.0000	0.0000	0.0000	0.0000	0.0000	Fall competitieon day 3
04-oct-14	0.0000 	4.1590	0.0000	0.0000	0.0000	0.0000	0.0000	0.0000	0.0000	0.0000	Fall competitieon day 4
18-oct-14	4.7563 	7.0653	0.0000	0.0000	0.0000	0.0000	0.0000	0.0000	0.0000	0.0000	Fall competitieon day 6
25-oct-14	4.8753 	0.0000	0.0000	0.0000	0.0000	0.0000	0.0000	0.0000	0.0000	0.0000	Fall competitieon day 7
01-nov-14	4.8336 	0.0000	0.0000	0.0000	0.0000	0.0000	0.0000	0.0000	0.0000	0.0000	Fall competitieon day 5
31-dec-14	0.0000	0.0000	0.0000	0.0000	0.0000	0.0000	0.0000	0.0000	0.0000	0.0000	End of season
04-apr-15	4.7952	0.0000	0.0000	0.0000	0.0000	0.0000	0.0000	0.0000	0.0000	0.0000	Spring competition day 1
11-apr-15	5.7119	0.0000	0.0000	0.0000	0.0000	0.0000	0.0000	0.0000	0.0000	0.0000	Spring competition day 2
09-may-15	5.7813	0.0000	0.0000	0.0000	0.0000	0.0000	0.0000	0.0000	0.0000	0.0000	Spring competition day 5
16-may-15	4.6409	0.0000	0.0000	0.0000	0.0000	0.0000	0.0000	0.0000	0.0000	0.0000	Spring competition day 6
30-may-15	4.3939	0.0000	0.0000	0.0000	0.0000	0.0000	0.0000	0.0000	0.0000	0.0000	Spring competition day 7
21-jun-15	6.1351	0.0000	0.0000	0.0000	0.0000	0.0000	0.0000	0.0000	0.0000	0.0000	Unicum
02-aug-15	0.0000	6.1780	0.0000	0.0000	0.0000	0.0000	0.0000	0.0000	0.0000	0.0000	Warmond
09-aug-15	6.1952	0.0000	0.0000	0.0000	0.0000	0.0000	0.0000	0.0000	0.0000	0.0000	Qravel

